RP11-125B21.2	9	2535651	2535651
RP11-264B17.2	16	28968058	28968058
SEMG1	20	43835694	43837327
NIPA2	15	23006220	23021336
CCHCR1	6	31110368	31124815
AL132671.1	6	117766552	117766552
ARPP21	3	35833668	35833668
AL109843.1	1	67705122	67705122
C5orf28	5	43446323	43454071
RASGRP2	11	64508343	64510338
DTNBP1	6	15523205	15585992
ABCG1	21	43676458	43716502
WDR66	12	122359211	122409518
A1BG-AS1	19	58859152	58859152
PTRH2	17	57776776	57776776
ZC2HC1C	14	75537276	75544267
RNU6-630P	X	41998677	41998677
PPP1R11	6_ssto_hap7	1365627	1367523
Y_RNA	16	68123351	68123351
SNORD67	11	46780315	46780315
SCO2	22	50962039	50962840
CNR2	1	24201024	24202107
TRIP13	5	893113	917218
PRDX4	X	23685687	23693308
TXNDC12	1	52486604	52520768
CRMP1	4	5822510	5822510
MT1H	16	56703796	56704901
TAOK3	12	118588801	118693372
AC123768.4	15	32898618	32898618
KIAA1432	9	5656675	5774246
SPRTN	1	231474129	231487352
PRMT2	21	48056863	48084239
SCARNA4	2	131687334	131687334
RP4-564M11.2	1	77533604	77533604
LRRN2	1	204589027	204589027
ABCC5	3	183695305	183695305
CARD14	17	78155237	78182144
MS4A3	11	59828633	59837706
ACP5	19	11685824	11688132
TP73-AS1	1	3652738	3652738
MIR4436B2	2	111042429	111042429
RP11-139J15.5	10	19035361	19035361
AC010127.3	2	166872189	166872189
AP000350.10	22	24204374	24237252
FEZF2	3	62355757	62358543
HENMT1	1	109191187	109202506
RPP21	6_ssto_hap7	1642926	1644528
CR936921.1	6_apd_hap1	3983331	3987088
IL20RB	3	136676955	136729065
HIBADH	7	27565832	27702407
RNU7-88P	13	60054203	60054203
KRIT1	7	91830049	91871449
MTIF2	2	55481902	55481902
NRP2	2	206548014	206659782
FGF12-AS1	3	191956418	191956418
DPCD	10	103330316	103330316
RNU6-380P	15	80956112	80956112
ZBTB20	3	114057851	114070705
AC104841.1	2	242184616	242184616
KPNA5	6	117002497	117053486
HLA-DMA	6	32916547	32916547
TRBV6-5	7	142180514	142180950
TPK1	7	144150749	144304024
OSBPL5	11	3109434	3143623
BX248406.1	6_ssto_hap7	4136495	4142201
WRAP53	17	7591966	7606804
RRP1	21	45209510	45223655
AC108867.1	4	136292744	136292744
CENPI	X	100356059	100395753
IL19	1	207010007	207015967
RP1-139D8.6	6	42123278	42130987
AGER	6_ssto_hap7	3498146	3499727
UNC5C	4	96090384	96470008
NR3C1	5	142661453	142780404
HMOX2	16	4556896	4559757
IRAK1	X	153277309	153285263
GRP	18	56887497	56897689
CCDC151	19	11531502	11545837
RNU6-270P	10	29049627	29049627
CTD-2313F11.1	5	54317205	54317205
DEDD	1	161091936	161094252
AC004595.1	7	21461886	21461886
RP11-577N1.1	8	63385775	63385775
ALDH6A1	14	74527344	74551097
PSORS1C2	6	31105727	31106803
AC011407.1	5	171866666	171866666
CAB39L	13	49956642	49956642
CAND2	3	12838219	12875481
RP11-240A16.1	4	32352659	32352659
NCAM2	21	22370881	22910278
RNU7-170P	12	122346008	122346008
ANP32A	15	69076727	69113090
RP11-353N14.3	17	77821856	77821856
RNU6-53P	13	29277838	29277838
PHRF1	11	581512	611777
C17orf100	17	6555233	6555728
RP11-875O11.3	8	22929541	22929541
KCNS3	2	18112275	18113751
RP11-354M1.2	16	68848232	68848232
CSNK2B	6_mcf_hap5	3014288	3017383
SLC9A9	3	143566435	143566435
AC068580.7	11	1798159	1798159
MIR4515	15	83736086	83736086
ABCA9-AS1	17	67000854	67000854
CCDC140	2	223168621	223169113
AAMDC	11	77553542	77583361
SPAG1	8	101174508	101206651
REG1P	2	79362628	79362628
CTB-174D11.1	5	168440252	168440252
LZTFL1	3	45867805	45883483
TSN	2	122513355	122522943
RP11-148L24.1	4	175015810	175015810
MYL6	12	56552185	56555199
AHI1	6	135811748	135813375
AC006129.4	19	42041544	42041544
RP11-25I15.2	12	43040384	43040384
HNRNPAB	5	177631838	177637624
PRSS36	16	31150458	31161356
MIR3940	19	6416420	6416420
TNNI3K	1	74701135	75009666
XRCC5	2	216974159	217069925
ABCC9	12	21958107	22089608
ANG	14	21161723	21162167
CCR3	3	46306649	46307717
FBXW10	17	18647557	18682611
TBK1	12	64849650	64895161
U6	1	202379235	202379235
AC104076.3	2	181844153	181844153
MYH14	19	50713622	50813047
ENTPD2	9	139943108	139948449
TRIM52-AS1	5	180688222	180688222
DPAGT1	11	118971338	118971338
CT45A5	X	134946156	134950246
SH2D5	1	21048284	21052550
ZNF639	3	179047421	179047421
snoU13	3	175457058	175457058
CTD-2516F10.2	11	7457058	7457058
SNX30	9	115513281	115631123
PLCZ1	12	18836172	18890299
OCIAD1	4	48834641	48862779
CTB-83J4.1	19	54728394	54728394
SOSTDC1	7	16502172	16505293
RP11-442H21.2	10	74034672	74034672
C21orf90	21	45937502	45937502
CAPN9	1	230927622	230927622
RP11-415D17.3	6	76067007	76067007
TRAF1	9	123667297	123688353
MINA	3	97664027	97686437
AC116533.1	11	17095498	17095498
SERF2	15	44084574	44086170
MELK	9	36607586	36677334
MCUR1	6	13791040	13814661
LATS2	13	21549008	21620165
RPF1	1	84944964	84963153
HSPB8	12	119624604	119624604
BNIP3P1	14	28733595	28733595
SNHG15	7	45024976	45024976
CACNG8	19	54466396	54486103
ZFYVE1	14	73437589	73491216
ESR2	14	64694250	64749703
ZNF568	19	37413672	37441990
PAGE5	X	55247815	55250436
RP11-455J20.3	2	190628584	190628584
ARL5C	17	37313146	37322013
TARS2	1	150459926	150464078
SCARNA15	6	43511880	43511880
MIR431	14	101347343	101347343
FPGT-TNNI3K	1	74663962	74705643
RN7SL644P	10	94418800	94418800
OVCA2	17	1945341	1946398
FAM136A	2	70528077	70529143
RP11-356N1.2	1	108614103	108614103
TMC3	15	81624759	81666418
STAU2	8	74333606	74585439
MANEA	6	96036097	96036097
WASF2	1	27734682	27755400
PLEKHO1	1	150131037	150131718
TCF19	6_ssto_hap7	2464196	2464196
DNMT3L	21	45666279	45681142
PBX2	6_cox_hap2	3624836	3628370
MIR614	12	13068762	13068762
MIR31	9	21512113	21512113
CTD-2154B17.1	5	10775169	10775169
SCARNA11	11	117134514	117134514
MUM1	19	1356388	1376575
ITGB2	21	46327917	46330697
LINC00398	13	31377342	31377342
RP11-20G13.3	15	99935383	99935383
MAST2	1	46494836	46494836
METTL1	12	58164466	58164466
C16orf90	16	3543838	3545421
IL32	16	3115812	3119356
OR51B5	11	5363815	5364754
ARGFX	3	121289560	121305447
RP11-171I2.3	2	179509443	179509443
FCHO1	19	17875214	17899115
DARS2	1	173810050	173810050
RP11-654A16.1	15	99423887	99423887
FAM66A	8	12219527	12219527
RP11-671J11.6	14	35013704	35013704
GABBR1	6_dbb_hap3	873363	873363
CARD8	19	48741635	48744277
ANKRD18A	9	38543249	38577153
IQCA1	2	237233330	237406129
AC019205.2	6	74142706	74142706
RP11-586K12.11	16	32661462	32661462
RNY4P1	9	77462421	77462421
PHKG2	16	30760141	30768418
COX4I2	20	30225735	30225735
RP11-583F2.1	17	62926266	62926266
CHML	1	241797097	241799068
DYNC1LI1	3	32568290	32612262
ZNF180	19	44980618	45001386
ACTG1	17	79477715	79479380
MLF1IP	4	185619347	185619347
LY6E	8	144102356	144103206
SNORA71	20	37070678	37070678
C15ORF31	15	59439898	59440054
MIR564	3	44903379	44903379
FLII	17	18156670	18156670
TMEM246	9	104238162	104239374
ATP10B	5	160113227	160113227
SAR1B	5	133942639	133948420
RP11-54O7.1	1	846814	846814
RNF157	17	74141315	74236321
RP3-434O14.8	1	209960323	209960323
MRAS	3	138091725	138121111
C5orf27	5	95192611	95194724
ARHGEF15	17	8215357	8224311
SSR1	6	7290096	7313353
PPAP2C	19	281387	288055
RP1-77H15.1	17	16461298	16461298
CD2	1	117297114	117311405
DIS3L	15	66585934	66625650
CTLA4	2	204732665	204737535
CCDC175	14	59971956	60043493
WDR20	14	102675026	102676217
DOCK2	5	169410089	169509862
ZNF570	19	37975133	37976135
ARNTL2	12	27486005	27573465
GPR6	6	110300315	110301404
C19orf47	19	40827788	40842243
LRRD1	7	91774201	91794516
CAPNS2	16	55600668	55601415
ZBTB11-AS1	3	101395273	101395273
RP4-740C4.8	1	2309055	2309055
CLCN2	3	184073190	184073190
MLST8	16	2256086	2258736
REPS1	6	139226200	139308819
ACSF3	16	89202955	89202955
F10	13	113777169	113803373
LONRF1	8	12580604	12612929
METRN	16	766609	767387
RCSD1	1	167599660	167673933
LINC00632	X	139791961	139795948
AL391384.1	13	73425225	73425225
SNHG14	15	25463498	25463498
OSBPL10-AS1	3	31745704	31745704
AC012507.3	2	231751529	231751529
MIR3160-2	11	46473354	46473354
RP11-298E2.2	9	27391731	27391731
MYH13	17	10204267	10267847
SPATA21	1	16725259	16757866
CCT6P3	7	64498737	64498737
RP11-16L9.4	1	198985261	198985261
MOG	6	29624986	29639227
RIMS1	6	72926891	73110416
PFKP	10	3172073	3178771
IQSEC3	12	247438	280487
CTC-441N14.2	5	121464456	121464456
CTD-2026D20.2	17	45486687	45486687
TRBV7-4	7	142176328	142176790
HLA-DRB1	6_cox_hap2	3998473	4011459
SMURF2P1	17	28927813	28927813
RNF135	17	29298091	29325706
HDAC1	1	32793221	32798645
RP11-529H20.6	14	92511149	92511149
NEK1	4	170315660	170523781
TMEM104	17	72773469	72835240
RUFY1	5	178987039	179036520
CEP128	14	81360922	81380719
LST1	6_qbl_hap6	2848716	2850095
ZNF576	19	44101260	44103410
C19orf55	19	36249116	36259114
RP11-66H6.3	16	11160352	11160352
ETNK2	1	204101311	204120896
TMPRSS11A	4	68777059	68829108
MFAP5	12	8800686	8814700
PNN	14	39644483	39646715
MT-TS1	M	7446	7446
OIP5	15	41601951	41624759
AC093495.4	3	14186489	14186489
TTC26	7	138818603	138874178
RFC5	12	118454632	118469083
LINC00094	9	136890616	136890616
SLC15A5	12	16342601	16430619
AL590235.1	4	3511522	3511678
CTC-326K19.6	19	50455224	50461648
KIRREL3	11	126294474	126301410
SLC51B	15	65342342	65345502
FBLIM1	1	16091478	16101526
P2RX3	11	57105847	57105847
SPEG	2	220326710	220330786
C20orf166	20	61150806	61167884
NPHP4	1	5922870	5922870
TRIM4	7	99489785	99517024
PCMT1	6	150070863	150123515
CCDC13-AS1	3	42774068	42774068
ORC5	7	103767294	103848352
RGL1	1	183774431	183895426
OSBPL7	17	45885656	45897644
GOLT1B	12	21654857	21668641
C19orf67	19	14192645	14196439
THYN1	11	134121124	134121124
AC011747.7	2	8817998	8817998
PPP1CA	11	67166005	67169253
BAG6	6_cox_hap2	3116522	3129159
AP5Z1	7	4815346	4829881
AP001257.1	11	59927159	59927159
PLIN4	19	4504470	4517716
AC011286.1	2	237661416	237661416
USP47	11	11863732	11977722
C12orf44	12	52463029	52463029
ASCC3	6	101306983	101315873
RP11-73M7.6	1	32110649	32110649
KIAA2022	X	73959239	73965485
RNU6-653P	6	109380711	109380711
C8orf34	8	69243505	69445401
SLC13A2	17	26817368	26824287
POC1A	3	52109902	52183992
KIR3DL1	19	55236001	55341730
AP4B1	1	114437686	114447339
KRTAP5-11	11	71292955	71292955
MRPS18B	6_dbb_hap3	1879280	1887212
EZR-AS1	6	159239042	159239042
ZFP64	20	50768684	50808175
GULP1	2	189342429	189406150
HSPA9	5	137891725	137911007
HSPD1	2	198361813	198363572
SPI1	11	47376777	47399904
RAET1G	6	150240143	150244146
CR753815.2	6_dbb_hap3	1350322	1350322
FLOT1	6_mann_hap4	2056121	2056121
HLA-DQB1	6_ssto_hap7	4058220	4061577
ZNF233	19	44768513	44778826
SNORD112	1	172317282	172317282
ERP29	12	112451269	112459971
UBASH3A	21	43824054	43830239
AC092580.3	2	7811734	7811734
USP14	18	158698	211284
AC018512.1	15	44075040	44075231
AGTRAP	1	11796265	11810249
F5	1	169483550	169555624
SNORA14B	1	235291117	235291117
ARL13B	3	93722681	93772107
MIR613	12	12917582	12917582
CLYBL	13	100258949	100543667
ZNF101	19	19779772	19791109
SLC22A2	6	160638463	160679789
CTD-2089N3.1	5	50261520	50261520
CENPK	5	64814301	64850644
RNU7-8P	1	77886009	77886009
RPS24	10	79793659	79800384
SLC12A2	5	127513240	127513240
SLC6A9	1	44457548	44489949
GLI4	8	144356768	144356768
APCDD1L	20	57036180	57036180
ASPG	14	104552107	104578881
SYNDIG1	20	24523733	24646140
TRIM13	13	50586076	50587300
ENO2	12	7024996	7031963
MTRNR2L7	10	37890897	37890972
MLF2	12	6859509	6859509
RP11-5N11.4	5	31741939	31741939
ESYT2	7	158526897	158622253
RP11-400N13.2	1	222139751	222139751
DAQB-335A13.26	6_qbl_hap6	1003674	1003674
TRIM14	9	100849751	100881470
ATF2	2	175939336	176001171
NFIA	1	61548463	61920992
FOXN1	17	26850987	26864454
RP5-828H9.1	20	5451852	5451852
RP11-809C18.5	10	709497	709497
PDE4C	19	18321738	18333057
TRAPPC5	19	7747139	7747706
TUBD1	17	57937682	57968363
ZNF207	17	30677304	30696778
RRNAD1	1	156702142	156706436
C6orf52	6	10671688	10687783
CES5A	16	55880362	55905635
SMU1	9	33047290	33068839
snoMBII-202	17	18847311	18847311
PASD1	X	150770025	150844615
HAPLN3	15	89421200	89436343
OR7E94P	4	80508455	80508455
SETD5-AS1	3	9427505	9427505
GAL3ST2	2	242716370	242743581
TRIM9	14	51446008	51561657
SNORA76	17	62223698	62223698
MGAT4C	12	86396129	86396129
MED12L	3	150804713	150911474
JKAMP	14	59951788	59970790
RPA1	17	1775420	1775420
RP11-3B12.3	7	124869632	124869632
RNA5SP422	16	34989293	34989293
RP11-351C8.1	8	127779120	127779120
MIR877	6	30552108	30552108
SNORA25	15	85395728	85395728
PPP1R10	6_mann_hap4	1925795	1925795
SMG9	19	44237005	44254893
SAMD11	1	875725	875725
ZNF407	18	72342975	72516025
LARGE-AS1	22	34121012	34121012
FAM195B	17	79781122	79784270
KDM4C	9	6792988	7076451
HSPB1	7	75933376	75933490
CELF2	10	11207467	11371016
PIEZO2	18	10671695	10671695
SCFD1	14	31145331	31145331
C17orf99	17	76156144	76156144
CTD-2187J20.1	5	66563849	66563849
COG2	1	230778352	230829139
DNM1L	12	32854451	32896344
RP11-305K5.1	3	156241528	156241528
SLC50A1	1	155108428	155110757
CCDC9	19	47761657	47774935
ZNF445	3	44488066	44497041
TTLL13	15	90793862	90808199
RN7SL815P	3	115556714	115556714
PAGE1	X	49452143	49459373
AC016738.3	2	101589109	101589109
ESRRG	1	217035571	217035571
RP11-535M15.2	9	99489011	99489011
EDA	X	68836152	68890104
MIR4519	16	30886542	30886542
CALCA	11	14989240	14992738
CD1E	1	158323778	158326686
CTD-3220F14.1	19	37756971	37756971
RP11-535A19.2	11	75525531	75525531
NT5DC2	3	52558485	52568669
RPL41	12	56510564	56510564
MYL2	12	111348880	111358333
APTX	9	32973495	32989889
MAP4K1	19	39096825	39096825
SPG21	15	65255960	65275907
UBL4A	X	153713877	153714923
LAMA4	6	112535178	112575352
RP5-940F7.2	1	236105852	236105852
RBAKDN	7	5111755	5111755
UNKL	16	1416240	1464692
RP11-153F1.1	1	103960700	103960700
DCN	12	91539834	91572329
NELL2	12	45209764	45269652
CXCL6	4	74702467	74703358
RP11-519M16.1	4	130645325	130645325
RUVBL1	3	127800210	127842567
GHRL	3	10327558	10334597
DDC	7	50595389	50595389
PRUNE2	9	79229485	79307057
RP11-981G7.3	8	10335000	10335000
ALS2CR12	2	202153377	202216127
OR52E4	11	5905522	5906461
COL11A2	6_cox_hap2	4575291	4603853
NBEAL2	3	47043872	47050810
PHEX	X	22051123	22265985
PARN	16	14704521	14704521
KLHL15	X	24006037	24024810
SDF2	17	26975606	26975606
RP11-506E9.3	6	52990444	52990444
BTNL2	6_apd_hap1	3677151	3689268
GMPR2	14	24702459	24707984
SRP19	5	112197073	112203100
GRAMD4	22	47022696	47073148
LINC00598	13	41025130	41025130
C6orf10	6_cox_hap2	3731535	3809943
DHRS4	14	24423051	24438080
VWA7	6_cox_hap2	3243921	3254127
ZNF669	1	247263675	247267501
RNU6-990P	17	28687480	28687480
PPP1R21	2	48668092	48741883
ZNF677	19	53740224	53754803
BACE2	21	42602044	42602044
TMEM107	17	8079006	8079604
RNA5SP363	12	80272084	80272084
CCDC86	11	60609597	60617798
OXCT1-AS1	5	41870131	41870131
HADHA	2	26414118	26467464
OTOA	16	21689835	21771861
PDLIM5	4	95376439	95508233
ETV7	6	36334421	36355318
CALCOCO2	17	46942446	46942446
FMNL1	17	43318531	43324337
ZNF146	19	36706007	36706007
BMS1P17	14	19670479	19670479
TRIM2	4	154125682	154256118
RP11-820I16.4	18	11908710	11908710
RNU6-336P	8	22291903	22291903
NAT9	17	72767862	72771837
BRIX1	5	34915843	34925600
RNU6-1000P	4	77277762	77277762
FRMD6	14	52156554	52194747
PRB4	12	11461172	11463332
CPT1A	11	68525111	68582942
APOC4	19	45445534	45448151
ABHD6	3	58280089	58280089
SDK2	17	71334725	71640227
BSG	19	575051	575051
RP11-385J1.2	3	178244292	178244292
ROPN1L	5	10441987	10441987
RP11-459E5.1	8	22547662	22547662
ST3GAL4	11	126276384	126283942
ZNF248	10	38120210	38145238
FAM102A	9	130705470	130742416
SPON2	4	1161259	1165859
AGAP7	10	51464463	51486201
IGF2BP1	17	47075124	47075124
SLC30A8	8	118147566	118184920
RP11-247A12.7	9	131932712	131932712
RN7SL448P	17	58977251	58977251
CALB2	16	71392695	71419525
HSD11B1	1	209878287	209907866
KRTAP7-1	21	32201356	32201356
SNORD39	9	21524305	21524305
RTN4	2	55200291	55254616
ZNF680	7	63986776	64023332
RP5-1061H20.4	1	229394027	229394027
RNF38	9	36356336	36356336
UNG	12	109535484	109547774
PGPEP1L	15	99511706	99512862
RNF32	7	156436571	156469069
DEPDC5	22	32150907	32275738
TCP11L2	12	106704853	106723136
DUSP1	5	172195764	172197955
TAB3P1	Y	15271183	15271183
CLMP	11	122944192	122944192
RP11-38M15.11	13	19433966	19433966
FTO	16	53878203	54145827
RP13-582O9.5	8	144363195	144363195
RP11-566K11.5	16	90036198	90036198
NMT2	10	15151193	15210386
C6orf15	6_qbl_hap6	2374975	2376150
RP11-60L3.1	15	74495045	74495045
GPR31	6	167570359	167571319
TAS2R42	12	11338598	11339543
YAP1	11	101981579	102100671
FLT3LG	19	49977896	49983856
HOXB-AS3	17	46673321	46673321
ASGR2	17	7004893	7017559
RPS23	5	81571973	81571973
TUBB3	16	89989809	90004948
WFIKKN2	17	48913298	48918380
TBC1D25	X	48398158	48398158
NOLC1	10	103920486	103920486
RP3-495K2.3	6	169362704	169362704
AC064834.1	2	196313255	196313255
ASB11	X	15301626	15333727
NAV2-AS5	11	19524218	19524218
SULT1A3	16	30212049	30215241
C1orf132	1	207975787	207975787
HNRNPA1	12	54674591	54678097
RP11-493L12.4	12	47641906	47641906
TRAV35	14	22689791	22690371
PSCA	8	143761956	143763550
DCLRE1C	10	14950406	14978538
CKMT2-AS1	5	80540676	80540676
CTD-2203A3.1	5	51303864	51303864
SLC6A17	1	110735189	110735189
DCLK2	4	151096594	151096594
MIR3916	1	247364869	247364869
SNORA47	5	76376258	76376258
IL15RA	10	5995222	6019455
RP11-659O3.1	4	117017446	117017446
RN7SL236P	17	76366934	76366934
RP11-159N11.3	11	113276042	113276042
ST7-OT4	7	116595138	116599346
PENK	8	57358233	57358512
PPP2R4	9	131904723	131909743
TM2D3	15	102182681	102192564
PUF60	8	144898689	144911473
RP11-625L16.1	12	24857498	24857498
RP11-425I13.3	4	141204877	141204877
ADCY8	8	131792635	132052579
ARFGAP1	20	61906932	61919225
MOK	14	102695625	102771305
BOP1	8	145488834	145512867
MRS2	6	24403274	24423284
CTD-2076M15.1	X	126794611	126794611
MAN1A1	6	119500983	119670230
LL22NC03-13G6.2	22	34604129	34604129
PAM16	16	4395290	4395290
SSR2	1	155979413	155989958
AIF1	6_ssto_hap7	2914695	2915484
MAP1A	15	43803186	43822422
MON2	12	62860987	62946963
RP5-977B1.7	20	35141011	35141011
PTMS	12	6878218	6878218
TSACC	1	156309548	156316773
ZNF766	19	52772866	52794451
AMPD3	11	10472568	10527431
OVCH1-AS1	12	29578857	29578857
GRIK4	11	120531027	120856969
RP11-384C4.2	1	212530759	212530759
CELA3B	1	22310758	22310758
ZNF423	16	49525185	49764778
AC062028.1	2	11239976	11239976
SOX5	12	23687152	24048957
RP11-776A13.3	12	30447379	30447379
SNTB2	16	69221069	69334827
APOC1P1	19	45430209	45430209
TSPAN3	15	77339176	77363296
RNU6-641P	X	36040055	36040055
CTD-2373J6.1	5	89684284	89684284
APOLD1	12	12878934	12940586
RP11-133L19.2	15	87476110	87476110
NRXN3	14	79746634	80328307
KCNAB1	3	155838400	156254536
SNTG2	2	946682	1371246
MSANTD2	11	124637071	124670276
CEACAM8	19	43087397	43098980
ALG8	11	77813939	77850634
RN7SKP37	10	22222071	22222071
POLK	5	74842847	74893843
CTA-392E5.1	8	86851933	86851933
HLA-DQB2	6_cox_hap2	4170131	4177150
POLD3	11	74303703	74351811
UVSSA	4	1341879	1379749
MIR4322	19	10341088	10341088
IER3	6_ssto_hap7	2044195	2044612
SCNM1	1	151138497	151138497
AC003991.3	7	87873099	87873099
RNU6-1136P	7	102475051	102475051
RP11-611O2.5	12	69235067	69235067
PKP3	11	396150	396150
MKNK1	1	47024246	47046224
CCM2L	20	30598257	30619117
NUTM2A-AS1	10	88998423	88998423
RP11-5K23.5	1	161526079	161526079
NBPF9	1	144811743	144828557
IL18BP	11	71711030	71712907
RP11-403I13.9	1	149305909	149305909
AC005027.3	7	41706765	41706765
CTA-390C10.10	22	25872184	25872184
LIPC	15	58724231	58861026
TMEM138	11	61131862	61136181
CSNK1G1	15	64464129	64592698
CDCA7L	7	21941939	21956434
RNY1P3	13	26524841	26524841
RHOC	1	113244161	113246421
EPHA1-AS1	7	143104905	143104905
RNA5S5	1	228754978	228754978
OAZ3	1	151735611	151743695
FBXO16	8	28322887	28340963
C6orf48	6_qbl_hap6	3098761	3101095
AC012123.1	18	30349772	30353297
TOX	8	59720305	60031546
DRD2	11	113281448	113295373
RP11-429H9.4	10	95864188	95864188
DCAF7	17	61628038	61666534
PRAMEF21	1	13521972	13526873
AC024082.1	7	137753287	137753287
BRSK2	11	1466626	1478270
EXPH5	11	108380263	108464460
SLC17A1	6	25799012	25830785
TMPRSS11E	4	69313230	69362522
MAFF	22	38609860	38610885
FBXL18	7	5529437	5553305
HOXB2	17	46620429	46622273
GFAP	17	42987503	42992854
SYNRG	17	35879042	35969403
PSG1	19	43371853	43383733
HAND2-AS1	4	174451608	174451608
KIF21A	12	39688225	39836772
DDX21	10	70715981	70742568
PTCHD3P1	10	29698519	29698519
CLEC16A	16	11118336	11118336
SCOC	4	141294690	141302258
BTN2A1	6	26459809	26468777
CKLF-CMTM1	16	66586618	66612904
CAMSAP1	9	138703154	138742281
FAM211A	17	16347181	16395304
PRR21	2	240981229	240982399
RNU7-154P	7	121721773	121721773
ORAI2	7	102073995	102073995
AC113189.5	17	7485333	7485333
RNF220	1	45079928	45116447
RP11-189E14.4	16	49500016	49500016
MGLL	3	127410954	127410954
DMAP1	1	44680504	44680504
NDE1	16	15758635	15793679
DYRK1B	19	40316354	40322507
AL590763.1	X	70845602	70845602
MIR27B	9	97847726	97847726
EPHA5	4	66189831	66535460
ORMDL2	12	56212783	56214179
CFLAR-AS1	2	202014188	202014188
CCDC172	10	118084523	118138870
AC107057.2	2	5742636	5742636
AC007092.1	2	58655472	58655472
TTC24	1	156552218	156552218
FAM198B	4	159048558	159092527
IP6K1	3	49764554	49785473
