PAX7	14.0	0.0	37.0
POLQ	13.0	0.0	26.0
KMT2D	7.0	0.0	19.0
PRPF40B	6.0	0.0	18.0
CNBD1	9.0	0.0	14.0
RUNDC2A	6.0	0.0	16.0
CREB3L1	7.0	0.0	14.0
SDHA	0.0	1.82876064333	18.0
HIST1H3B	6.0	0.0	11.0
TSC2	0.0	0.381818181818	12.0
TLX1	4.0	0.0	7.0
ZNF479	4.0	0.0	6.0
TCF3	0.0	0.684210526316	9.0
CTNND2	7.0	0.0645812310797	2.0
A1CF	4.0	0.0	5.0
FHIT	5.0	0.0	3.0
PMS2	0.0	1.45739471107	6.0
TRAF7	0.0	0.75	6.0
RMI2	0.0	0.570135746606	6.0
CREBBP	4.0	0.5	2.0
PDCD1LG2	0.0	0.0424528301887	5.0
NCOA1	0.0	0.421236872812	4.0
C2orf44	0.0	0.392857142857	4.0
PRDM2	0.0	1.0	3.0
CAMTA1	4.0	0.0	0.0
SOCS1	0.0	0.75	3.0
FBXO11	0.0	0.6	3.0
WHSC1	0.0	1.34615384615	2.0
NTHL1	0.0	0.3	3.0
ASXL2	0.0	0.220858895706	3.0
JAK2	0.0	0.2125	3.0
DROSHA	0.0	0.133004926108	3.0
MAP2K2	0.0	0.0854700854701	3.0
FOXO3	0.0	1.05825242718	2.0
TGFBR2	2.0	0.0344827586207	1.0
ANK1	0.0	0.0335917312661	3.0
CTNNA2	2.0	0.016393442623	1.0
DGCR8	0.0	0.00793650793651	3.0
PTPRD	3.0	0.00268817204301	0.0
MLLT1	1.0	0.0	2.0
LRP1B	3.0	0.0	0.0
ROBO2	3.0	0.0	0.0
ZNF198	1.0	0.0	2.0
BRD4	0.0	1.0	2.0
RAD51B	3.0	0.0	0.0
FGFR3	0.0	0.633540372671	2.0
SKI	0.0	0.6	2.0
ZEB1	0.0	0.458333333333	2.0
ARHGEF10L	0.0	0.454545454545	2.0
NFKBIE	0.0	0.416666666667	2.0
PTPRK	1.0	0.325301204819	1.0
VAV1	1.0	0.318181818182	1.0
TNFRSF17	0.0	0.272727272727	2.0
DNMT3A	0.0	0.268656716418	2.0
RABEP1	0.0	0.264029438822	2.0
VHL	0.0	0.233400402414	2.0
SETBP1	0.0	0.228571428571	2.0
HRAS	0.0	0.210601719198	2.0
SRGAP3	2.0	0.156934306569	0.0
ERBB3	0.0	0.145454545455	2.0
PREX2	1.0	0.109324758842	1.0
RAC1	0.0	0.105590062112	2.0
MTOR	0.0	0.104166666667	2.0
USP6	0.0	0.0900900900901	2.0
ERC1	0.0	0.0789473684211	2.0
PICALM	0.0	0.0643863179074	2.0
POU5F1	0.0	0.0626816106268	2.0
CACNA1D	1.0	0.0625	1.0
TAF15	0.0	0.0573476702509	2.0
RHOA	0.0	0.0480769230769	2.0
AFF3	1.0	0.045101088647	1.0
CRTC1	0.0	0.037037037037	2.0
CD274	0.0	0.0197044334975	2.0
GAS7	1.0	0.0140845070423	1.0
MLLT3	0.0	0.0102040816327	2.0
ZFHX3	1.0	0.00970873786408	1.0
IKBKB	0.0	0.00571428571429	2.0
PAX5	2.0	0.0	0.0
PRDM16	2.0	0.0	0.0
SMAD4	0.0	0.858823529412	1.0
CD79B	0.0	0.847715736041	1.0
HMGA1	0.0	0.822580645161	1.0
ATF1	0.0	0.722646310433	1.0
RPL5	0.0	1.71428571429	0.0
LRIG3	0.0	0.532467532468	1.0
PRKACA	0.0	0.528735632184	1.0
MAP2K4	0.0	0.438596491228	1.0
IRF4	0.0	0.428571428571	1.0
CRNKL1	0.0	0.365384615385	1.0
MLLT4	0.0	0.315934065934	1.0
FSTL3	1.0	0.285714285714	0.0
JUN	0.0	0.285714285714	1.0
HEY1	0.0	0.276923076923	1.0
DDB2	0.0	0.226	1.0
XPC	0.0	0.215736040609	1.0
NRAS	0.0	0.212121212121	1.0
LZTR1	0.0	0.211382113821	1.0
CARS	0.0	0.178707224335	1.0
TRIM33	0.0	0.157894736842	1.0
LMO1	0.0	0.137339055794	1.0
RFWD3	0.0	0.134128166915	1.0
CDKN1B	0.0	0.130434782609	1.0
ARHGEF10	0.0	0.126696832579	1.0
KIF5B	0.0	0.123138033764	1.0
SEPT9	0.0	0.121495327103	1.0
NFIB	1.0	0.113043478261	0.0
KRAS	0.0	0.111842105263	1.0
CASC5	0.0	0.111111111111	1.0
CARD11	0.0	0.109289617486	1.0
BCR	0.0	0.104545454545	1.0
PCM1	0.0	0.104041272571	1.0
WWTR1	0.0	0.0974025974026	1.0
MLH1	0.0	0.0934579439252	1.0
EML4	0.0	0.0921926910299	1.0
SDHAF2	0.0	0.0813008130081	1.0
IKZF1	1.0	0.08	0.0
CBL	0.0	0.0739130434783	1.0
PSIP1	0.0	0.0736196319018	1.0
DNM2	1.0	0.0714285714286	0.0
KIAA1598	0.0	0.0708661417323	1.0
ERBB2	0.0	0.0669371196755	1.0
FCGR2B	0.0	0.065445026178	1.0
YWHAE	0.0	0.0649350649351	1.0
MYCL	0.0	0.0628272251309	1.0
MAPK1	0.0	0.0588235294118	1.0
BCL10	0.0	0.0578512396694	1.0
MPL	0.0	0.0571428571429	1.0
AR	0.0	0.0528266913809	1.0
MSI2	0.0	0.0454545454545	1.0
HOOK3	0.0	0.0377358490566	1.0
LARP4B	0.0	0.0354223433243	1.0
TCEA1	0.0	0.0308641975309	1.0
MET	0.0	0.030303030303	1.0
PTPN6	0.0	0.0283687943262	1.0
BCL11A	1.0	0.0246913580247	0.0
PTCH1	0.0	0.0242424242424	1.0
ARID2	1.0	0.0222222222222	0.0
PTK6	0.0	0.0208333333333	1.0
ZNF521	1.0	0.0169491525424	0.0
SIX2	0.0	0.0144927536232	1.0
FOXO1	1.0	0.013698630137	0.0
SDHB	0.0	0.0129310344828	1.0
CDH11	0.0	0.0116279069767	1.0
ARHGAP26	0.0	0.0114942528736	1.0
ALK	1.0	0.00638977635783	0.0
ZRSR2	0.0	0.00555555555556	1.0
SYK	0.0	0.00514138817481	1.0
MB21D2	0.0	0.00138312586445	1.0
KDR	1.0	0.0012315270936	0.0
PBRM1	1.0	0.0012315270936	0.0
GPC5	1.0	0.0	0.0
NRG1	1.0	0.0	0.0
MDS2	1.0	0.0	0.0
EBF1	1.0	0.0	0.0
KAT7	1.0	0.0	0.0
DCC	1.0	0.0	0.0
WT1	1.0	0.0	0.0
MLLT10	1.0	0.0	0.0
RUNX1	1.0	0.0	0.0
CHIC2	1.0	0.0	0.0
PTPRT	1.0	0.0	0.0
FGFR1	1.0	0.0	0.0
RSPO3	1.0	0.0	0.0
NBEA	1.0	0.0	0.0
ID3	0.0	1.0	0.0
ARID1A	0.0	0.909090909091	0.0
TERT	0.0	0.796875	0.0
PER1	0.0	0.714285714286	0.0
MYB	0.0	0.714285714286	0.0
NCKIPSD	0.0	0.682675814751	0.0
MYCN	0.0	0.625	0.0
CCND1	0.0	0.522388059701	0.0
CDK12	0.0	0.5	0.0
HNRNPA2B1	0.0	0.5	0.0
PDGFRA	0.0	0.41935483871	0.0
EPHA7	0.0	0.41568627451	0.0
IL21R	0.0	0.408333333333	0.0
MSH6	0.0	0.406364749082	0.0
BMP5	0.0	0.372093023256	0.0
XPO1	0.0	0.37037037037	0.0
RHOH	0.0	0.363636363636	0.0
ITK	0.0	0.333333333333	0.0
LYL1	0.0	0.333333333333	0.0
DDX5	0.0	0.28	0.0
FIP1L1	0.0	0.277108433735	0.0
TET1	0.0	0.263157894737	0.0
SH3GL1	0.0	0.259259259259	0.0
BCLAF1	0.0	0.238095238095	0.0
REL	0.0	0.216494845361	0.0
GNA11	0.0	0.2	0.0
XPA	0.0	0.195928753181	0.0
BAP1	0.0	0.194174757282	0.0
DCTN1	0.0	0.190476190476	0.0
NCOA4	0.0	0.188940092166	0.0
ETV4	0.0	0.178403755869	0.0
HLF	0.0	0.171806167401	0.0
MDM2	0.0	0.170068027211	0.0
SFRP4	0.0	0.163793103448	0.0
FLCN	0.0	0.159675236806	0.0
TNFRSF14	0.0	0.15523465704	0.0
NCOR1	0.0	0.155092592593	0.0
WHSC1L1	0.0	0.150943396226	0.0
ACSL6	0.0	0.149078726968	0.0
CIITA	0.0	0.148514851485	0.0
MUC16	0.0	0.147186147186	0.0
CLTC	0.0	0.142857142857	0.0
HSP90AB1	0.0	0.138888888889	0.0
SIRPA	0.0	0.137931034483	0.0
CHD4	0.0	0.125	0.0
COL2A1	0.0	0.125	0.0
NCOA2	0.0	0.125	0.0
FBLN2	0.0	0.123595505618	0.0
FUS	0.0	0.117647058824	0.0
NUP98	0.0	0.115646258503	0.0
SMAD2	0.0	0.111675126904	0.0
HOXA13	0.0	0.111111111111	0.0
PLCG1	0.0	0.111111111111	0.0
AXIN1	0.0	0.107142857143	0.0
ZNF429	0.0	0.106293706294	0.0
LMO2	0.0	0.105263157895	0.0
HLA-A	0.0	0.104615985166	0.0
FANCD2	0.0	0.103535353535	0.0
RANBP2	0.0	0.095652173913	0.0
ZNF384	0.0	0.0939226519337	0.0
PPARG	0.0	0.0929487179487	0.0
N4BP2	0.0	0.0920770877944	0.0
CSF3R	0.0	0.0909090909091	0.0
CHEK2	0.0	0.0881458966565	0.0
TRIM27	0.0	0.0820916502671	0.0
STAT3	0.0	0.0772727272727	0.0
FOXP1	0.0	0.0769230769231	0.0
SPOP	0.0	0.0769230769231	0.0
CDK4	0.0	0.0769230769231	0.0
GNAS	0.0	0.0754716981132	0.0
CCND2	0.0	0.0740740740741	0.0
CDKN1A	0.0	0.0740740740741	0.0
SDHD	0.0	0.0730337078652	0.0
ATRX	0.0	0.0720720720721	0.0
AKAP9	0.0	0.0703971119134	0.0
SETD2	0.0	0.0702247191011	0.0
LSM14A	0.0	0.0689655172414	0.0
TPM4	0.0	0.0666666666667	0.0
FUBP1	0.0	0.0663716814159	0.0
NUTM2B	0.0	0.0597667638484	0.0
CYLD	0.0	0.0594059405941	0.0
CPEB3	0.0	0.058495821727	0.0
CDKN2C	0.0	0.0568181818182	0.0
PPP6C	0.0	0.0549199084668	0.0
NBN	0.0	0.0539152759949	0.0
CXCR4	0.0	0.0538461538462	0.0
FKBP9	0.0	0.0536480686695	0.0
MUTYH	0.0	0.0515463917526	0.0
CUX1	0.0	0.0512820512821	0.0
THRAP3	0.0	0.0487804878049	0.0
TEC	0.0	0.0482897384306	0.0
CDK6	0.0	0.046511627907	0.0
NPM1	0.0	0.046511627907	0.0
RAP1GDS1	0.0	0.0456563094483	0.0
ARAF	0.0	0.0454545454545	0.0
ZBTB16	0.0	0.0454545454545	0.0
ABI1	0.0	0.042735042735	0.0
EIF1AX	0.0	0.0404858299595	0.0
LCK	0.0	0.04	0.0
CTCF	0.0	0.0395480225989	0.0
PPFIBP1	0.0	0.0390625	0.0
BIRC6	0.0	0.0384615384615	0.0
CASP8	0.0	0.0377867746289	0.0
TMEM127	0.0	0.0373443983402	0.0
FAS	0.0	0.0362903225806	0.0
ELL	0.0	0.0350877192982	0.0
FANCC	0.0	0.034188034188	0.0
FLT3	0.0	0.0341296928328	0.0
CALR	0.0	0.0338983050847	0.0
CCND3	0.0	0.0333333333333	0.0
SMARCA4	0.0	0.0331632653061	0.0
LASP1	0.0	0.0330578512397	0.0
BCL2	0.0	0.0326086956522	0.0
STRN	0.0	0.0300925925926	0.0
DAXX	0.0	0.0298913043478	0.0
MSN	0.0	0.0277777777778	0.0
SMARCB1	0.0	0.0243902439024	0.0
SBDS	0.0	0.0240963855422	0.0
EPS15	0.0	0.0229885057471	0.0
ETV1	0.0	0.0217391304348	0.0
EIF3E	0.0	0.0207006369427	0.0
TOP1	0.0	0.0192307692308	0.0
CCNE1	0.0	0.0188679245283	0.0
DNAJB1	0.0	0.0188679245283	0.0
USP8	0.0	0.0183585313175	0.0
EPAS1	0.0	0.0178571428571	0.0
SRSF3	0.0	0.0168067226891	0.0
PAX8	0.0	0.0155210643016	0.0
RNF43	0.0	0.0153452685422	0.0
CD209	0.0	0.0149253731343	0.0
TFEB	0.0	0.012987012987	0.0
HERPUD1	0.0	0.012987012987	0.0
GATA3	0.0	0.0125	0.0
MITF	0.0	0.012	0.0
RSPO2	0.0	0.0117753623188	0.0
KTN1	0.0	0.0116279069767	0.0
FANCF	0.0	0.0116279069767	0.0
WIF1	0.0	0.010989010989	0.0
NFE2L2	0.0	0.010101010101	0.0
MN1	0.0	0.010101010101	0.0
SEPT5	0.0	0.01	0.0
PRKCB	0.0	0.00982800982801	0.0
LIFR	0.0	0.00980392156863	0.0
NUTM2A	0.0	0.00909090909091	0.0
SALL4	0.0	0.00867052023121	0.0
CHST11	0.0	0.00749063670412	0.0
NIN	0.0	0.00735294117647	0.0
CDH10	0.0	0.00715563506261	0.0
SMARCD1	0.0	0.00684931506849	0.0
COX6C	0.0	0.00632911392405	0.0
TFG	0.0	0.00601503759398	0.0
DEK	0.0	0.00597014925373	0.0
EXT2	0.0	0.0056338028169	0.0
NF2	0.0	0.00558659217877	0.0
FAM135B	0.0	0.00531914893617	0.0
ACKR3	0.0	0.00469483568075	0.0
BRCA1	0.0	0.00436681222707	0.0
CASP9	0.0	0.00434782608696	0.0
MUC1	0.0	0.00403225806452	0.0
STIL	0.0	0.00347222222222	0.0
EPHA3	0.0	0.00343053173242	0.0
MSH2	0.0	0.00314465408805	0.0
BRIP1	0.0	0.00314465408805	0.0
SND1	0.0	0.00285306704708	0.0
MALT1	0.0	0.00278551532033	0.0
RAF1	0.0	0.00266666666667	0.0
LEPROTL1	0.0	0.0021978021978	0.0
CLTCL1	0.0	0.00194552529183	0.0
CDH1	0.0	0.0019305019305	0.0
ERCC3	0.0	0.0019120458891	0.0
CCDC6	0.0	0.00159489633174	0.0
CEP89	0.0	0.00156494522692	0.0
MYO5A	0.0	0.00121802679659	0.0
PTPN13	0.0	0.000897666068223	0.0
B2M	0.0	0.0	0.0
RGS7	0.0	0.0	0.0
FH	0.0	0.0	0.0
SLC45A3	0.0	0.0	0.0
AKT3	0.0	0.0	0.0
KLF6	0.0	0.0	0.0
TCF12	0.0	0.0	0.0
RET	0.0	0.0	0.0
ELK4	0.0	0.0	0.0
H3F3A	0.0	0.0	0.0
POLE	0.0	0.0	0.0
PRF1	0.0	0.0	0.0
HSP90AA1	0.0	0.0	0.0
GOLGA5	0.0	0.0	0.0
NFKB2	0.0	0.0	0.0
DICER1	0.0	0.0	0.0
TCL1A	0.0	0.0	0.0
BCL11B	0.0	0.0	0.0
CYP2C8	0.0	0.0	0.0
AKT1	0.0	0.0	0.0
MAP2K1	0.0	0.0	0.0
NUTM1	0.0	0.0	0.0
BUB1B	0.0	0.0	0.0
PTEN	0.0	0.0	0.0
BMPR1A	0.0	0.0	0.0
KNSTRN	0.0	0.0	0.0
KAT6B	0.0	0.0	0.0
MDM4	0.0	0.0	0.0
PML	0.0	0.0	0.0
ELF3	0.0	0.0	0.0
SMAD3	0.0	0.0	0.0
LMNA	0.0	0.0	0.0
TPM3	0.0	0.0	0.0
S100A7	0.0	0.0	0.0
MLLT11	0.0	0.0	0.0
ARNT	0.0	0.0	0.0
BCL9	0.0	0.0	0.0
CHD2	0.0	0.0	0.0
PDE4DIP	0.0	0.0	0.0
NOTCH2	0.0	0.0	0.0
FAM46C	0.0	0.0	0.0
ATP1A1	0.0	0.0	0.0
RBM15	0.0	0.0	0.0
JAK1	0.0	0.0	0.0
TAL1	0.0	0.0	0.0
P2RY8	0.0	0.0	0.0
FES	0.0	0.0	0.0
PRCC	0.0	0.0	0.0
NTRK1	0.0	0.0	0.0
PRRX1	0.0	0.0	0.0
NT5C2	0.0	0.0	0.0
NTRK3	0.0	0.0	0.0
PTPRC	0.0	0.0	0.0
CDC73	0.0	0.0	0.0
TPR	0.0	0.0	0.0
ABL2	0.0	0.0	0.0
POLG	0.0	0.0	0.0
FCRL4	0.0	0.0	0.0
PBX1	0.0	0.0	0.0
DDR2	0.0	0.0	0.0
SDHC	0.0	0.0	0.0
IDH2	0.0	0.0	0.0
CRTC3	0.0	0.0	0.0
BLM	0.0	0.0	0.0
SUFU	0.0	0.0	0.0
FGFR2	0.0	0.0	0.0
VTI1A	0.0	0.0	0.0
LCP1	0.0	0.0	0.0
STAT6	0.0	0.0	0.0
NAB2	0.0	0.0	0.0
NACA	0.0	0.0	0.0
HOXC11	0.0	0.0	0.0
HOXC13	0.0	0.0	0.0
RPL22	0.0	0.0	0.0
ETNK1	0.0	0.0	0.0
DDIT3	0.0	0.0	0.0
ETV6	0.0	0.0	0.0
RB1	0.0	0.0	0.0
CYSLTR2	0.0	0.0	0.0
KDM5A	0.0	0.0	0.0
SOX21	0.0	0.0	0.0
ERCC5	0.0	0.0	0.0
GLI1	0.0	0.0	0.0
HMGA2	0.0	0.0	0.0
ARHGAP5	0.0	0.0	0.0
HNF1A	0.0	0.0	0.0
NCOR2	0.0	0.0	0.0
BRCA2	0.0	0.0	0.0
ZCCHC8	0.0	0.0	0.0
CLIP1	0.0	0.0	0.0
BCL7A	0.0	0.0	0.0
SETD1B	0.0	0.0	0.0
LHFP	0.0	0.0	0.0
PTPRB	0.0	0.0	0.0
TBX3	0.0	0.0	0.0
PTPN11	0.0	0.0	0.0
ALDH2	0.0	0.0	0.0
SH2B3	0.0	0.0	0.0
USP44	0.0	0.0	0.0
BTG1	0.0	0.0	0.0
CCNB1IP1	0.0	0.0	0.0
BAZ1A	0.0	0.0	0.0
TCF7L2	0.0	0.0	0.0
SPEN	0.0	0.0	0.0
FAT3	0.0	0.0	0.0
EED	0.0	0.0	0.0
NUMA1	0.0	0.0	0.0
MALAT1	0.0	0.0	0.0
MEN1	0.0	0.0	0.0
FEN1	0.0	0.0	0.0
CTNND1	0.0	0.0	0.0
BIRC3	0.0	0.0	0.0
CLP1	0.0	0.0	0.0
MYOD1	0.0	0.0	0.0
TSHR	0.0	0.0	0.0
MGMT	0.0	0.0	0.0
TRIP11	0.0	0.0	0.0
CDX2	0.0	0.0	0.0
MAML2	0.0	0.0	0.0
ATM	0.0	0.0	0.0
NKX2-1	0.0	0.0	0.0
MAX	0.0	0.0	0.0
FOXA1	0.0	0.0	0.0
KCNJ5	0.0	0.0	0.0
FLI1	0.0	0.0	0.0
SIX1	0.0	0.0	0.0
HIF1A	0.0	0.0	0.0
ARHGEF12	0.0	0.0	0.0
FOXR1	0.0	0.0	0.0
DDX10	0.0	0.0	0.0
BCL9L	0.0	0.0	0.0
DDX6	0.0	0.0	0.0
KMT2A	0.0	0.0	0.0
GPHN	0.0	0.0	0.0
PAFAH1B2	0.0	0.0	0.0
POU2AF1	0.0	0.0	0.0
SFPQ	0.0	0.0	0.0
MTCP1	0.0	0.0	0.0
GRIN2A	0.0	0.0	0.0
GRM3	0.0	0.0	0.0
ECT2L	0.0	0.0	0.0
ESR1	0.0	0.0	0.0
ARID1B	0.0	0.0	0.0
EZR	0.0	0.0	0.0
QKI	0.0	0.0	0.0
FGFR1OP	0.0	0.0	0.0
HOXA9	0.0	0.0	0.0
HOXA11	0.0	0.0	0.0
JAZF1	0.0	0.0	0.0
EGFR	0.0	0.0	0.0
ELN	0.0	0.0	0.0
HIP1	0.0	0.0	0.0
TRRAP	0.0	0.0	0.0
CHCHD7	0.0	0.0	0.0
POT1	0.0	0.0	0.0
SMO	0.0	0.0	0.0
CREB3L2	0.0	0.0	0.0
TRIM24	0.0	0.0	0.0
KIAA1549	0.0	0.0	0.0
BRAF	0.0	0.0	0.0
FAM131B	0.0	0.0	0.0
CNTNAP2	0.0	0.0	0.0
EZH2	0.0	0.0	0.0
KMT2C	0.0	0.0	0.0
MNX1	0.0	0.0	0.0
WRN	0.0	0.0	0.0
TNFAIP3	0.0	0.0	0.0
SGK1	0.0	0.0	0.0
GOPC	0.0	0.0	0.0
ROS1	0.0	0.0	0.0
FAT4	0.0	0.0	0.0
FBXW7	0.0	0.0	0.0
CASP3	0.0	0.0	0.0
FAT1	0.0	0.0	0.0
DUX4L1	0.0	0.0	0.0
IL7R	0.0	0.0	0.0
IL6ST	0.0	0.0	0.0
MAP3K1	0.0	0.0	0.0
PIK3R1	0.0	0.0	0.0
RAD17	0.0	0.0	0.0
APC	0.0	0.0	0.0
AFF4	0.0	0.0	0.0
CSF1R	0.0	0.0	0.0
PDGFRB	0.0	0.0	0.0
CD74	0.0	0.0	0.0
PWWP2A	0.0	0.0	0.0
TLX3	0.0	0.0	0.0
FGFR4	0.0	0.0	0.0
NSD1	0.0	0.0	0.0
FLT4	0.0	0.0	0.0
HIST1H4I	0.0	0.0	0.0
FANCE	0.0	0.0	0.0
PIM1	0.0	0.0	0.0
CCNC	0.0	0.0	0.0
PRDM1	0.0	0.0	0.0
PLAG1	0.0	0.0	0.0
RUNX1T1	0.0	0.0	0.0
ERCC4	0.0	0.0	0.0
MED12	0.0	0.0	0.0
KDM6A	0.0	0.0	0.0
RBM10	0.0	0.0	0.0
SSX1	0.0	0.0	0.0
SSX4	0.0	0.0	0.0
WAS	0.0	0.0	0.0
GATA1	0.0	0.0	0.0
TFE3	0.0	0.0	0.0
SSX2	0.0	0.0	0.0
KDM5C	0.0	0.0	0.0
SMC1A	0.0	0.0	0.0
AMER1	0.0	0.0	0.0
FOXO4	0.0	0.0	0.0
ZMYM3	0.0	0.0	0.0
CDH17	0.0	0.0	0.0
NONO	0.0	0.0	0.0
BTK	0.0	0.0	0.0
IRS4	0.0	0.0	0.0
SEPT6	0.0	0.0	0.0
STAG2	0.0	0.0	0.0
DCAF12L2	0.0	0.0	0.0
BCORL1	0.0	0.0	0.0
ELF4	0.0	0.0	0.0
GPC3	0.0	0.0	0.0
PHF6	0.0	0.0	0.0
ATP2B3	0.0	0.0	0.0
FLNA	0.0	0.0	0.0
DDX3X	0.0	0.0	0.0
BCOR	0.0	0.0	0.0
FAM47C	0.0	0.0	0.0
NOTCH1	0.0	0.0	0.0
PABPC1	0.0	0.0	0.0
UBR5	0.0	0.0	0.0
CSMD3	0.0	0.0	0.0
RAD21	0.0	0.0	0.0
EXT1	0.0	0.0	0.0
MYC	0.0	0.0	0.0
NDRG1	0.0	0.0	0.0
RECQL4	0.0	0.0	0.0
CDKN2A	0.0	0.0	0.0
FANCG	0.0	0.0	0.0
GNAQ	0.0	0.0	0.0
OMD	0.0	0.0	0.0
WNK2	0.0	0.0	0.0
NR4A3	0.0	0.0	0.0
TAL2	0.0	0.0	0.0
KLF4	0.0	0.0	0.0
TNC	0.0	0.0	0.0
CNTRL	0.0	0.0	0.0
SET	0.0	0.0	0.0
FNBP1	0.0	0.0	0.0
ABL1	0.0	0.0	0.0
NUP214	0.0	0.0	0.0
TSC1	0.0	0.0	0.0
RALGDS	0.0	0.0	0.0
BRD3	0.0	0.0	0.0
IL2	0.0	0.0	0.0
LEF1	0.0	0.0	0.0
TET2	0.0	0.0	0.0
ZNF331	0.0	0.0	0.0
CEBPA	0.0	0.0	0.0
AKT2	0.0	0.0	0.0
CD79A	0.0	0.0	0.0
CIC	0.0	0.0	0.0
BCL3	0.0	0.0	0.0
CBLC	0.0	0.0	0.0
ERCC2	0.0	0.0	0.0
BAX	0.0	0.0	0.0
BCL2L12	0.0	0.0	0.0
POLD1	0.0	0.0	0.0
KLK2	0.0	0.0	0.0
PPP2R1A	0.0	0.0	0.0
TFPT	0.0	0.0	0.0
AFF1	0.0	0.0	0.0
CNOT3	0.0	0.0	0.0
RPL10	0.0	0.0	0.0
PCBP1	0.0	0.0	0.0
RGPD3	0.0	0.0	0.0
ACVR2A	0.0	0.0	0.0
ACVR1	0.0	0.0	0.0
HOXD13	0.0	0.0	0.0
HOXD11	0.0	0.0	0.0
ITGAV	0.0	0.0	0.0
COL3A1	0.0	0.0	0.0
PMS1	0.0	0.0	0.0
SF3B1	0.0	0.0	0.0
JAK3	0.0	0.0	0.0
KEAP1	0.0	0.0	0.0
STK11	0.0	0.0	0.0
KDSR	0.0	0.0	0.0
MYH11	0.0	0.0	0.0
PALB2	0.0	0.0	0.0
CBFB	0.0	0.0	0.0
MAF	0.0	0.0	0.0
CBFA2T3	0.0	0.0	0.0
FANCA	0.0	0.0	0.0
TP53	0.0	0.0	0.0
SPECC1	0.0	0.0	0.0
NF1	0.0	0.0	0.0
SUZ12	0.0	0.0	0.0
MLLT6	0.0	0.0	0.0
RARA	0.0	0.0	0.0
CCR7	0.0	0.0	0.0
SMARCE1	0.0	0.0	0.0
STAT5B	0.0	0.0	0.0
COL1A1	0.0	0.0	0.0
PPM1D	0.0	0.0	0.0
AXIN2	0.0	0.0	0.0
PRKAR1A	0.0	0.0	0.0
H3F3B	0.0	0.0	0.0
SRSF2	0.0	0.0	0.0
CANT1	0.0	0.0	0.0
RNF213	0.0	0.0	0.0
ASPSCR1	0.0	0.0	0.0
SS18	0.0	0.0	0.0
CD28	0.0	0.0	0.0
CREB1	0.0	0.0	0.0
IDH1	0.0	0.0	0.0
CTNNB1	0.0	0.0	0.0
GATA2	0.0	0.0	0.0
RPN1	0.0	0.0	0.0
CNBP	0.0	0.0	0.0
STAG1	0.0	0.0	0.0
PIK3CB	0.0	0.0	0.0
FOXL2	0.0	0.0	0.0
ATR	0.0	0.0	0.0
GMPS	0.0	0.0	0.0
MLF1	0.0	0.0	0.0
MECOM	0.0	0.0	0.0
TBL1XR1	0.0	0.0	0.0
PIK3CA	0.0	0.0	0.0
SOX2	0.0	0.0	0.0
MAP3K13	0.0	0.0	0.0
IGF2BP2	0.0	0.0	0.0
ETV5	0.0	0.0	0.0
EIF4A2	0.0	0.0	0.0
BCL6	0.0	0.0	0.0
LPP	0.0	0.0	0.0
TP63	0.0	0.0	0.0
MUC4	0.0	0.0	0.0
TFRC	0.0	0.0	0.0
SLC34A2	0.0	0.0	0.0
PHOX2B	0.0	0.0	0.0
KIT	0.0	0.0	0.0
CBLB	0.0	0.0	0.0
MYD88	0.0	0.0	0.0
ERBB4	0.0	0.0	0.0
CCR4	0.0	0.0	0.0
BARD1	0.0	0.0	0.0
ATIC	0.0	0.0	0.0
FEV	0.0	0.0	0.0
PAX3	0.0	0.0	0.0
ACSL3	0.0	0.0	0.0
CUL3	0.0	0.0	0.0
ASXL1	0.0	0.0	0.0
SRC	0.0	0.0	0.0
MAFB	0.0	0.0	0.0
SDC4	0.0	0.0	0.0
NFATC2	0.0	0.0	0.0
SS18L1	0.0	0.0	0.0
OLIG2	0.0	0.0	0.0
ERG	0.0	0.0	0.0
TMPRSS2	0.0	0.0	0.0
U2AF1	0.0	0.0	0.0
ZNRF3	0.0	0.0	0.0
EWSR1	0.0	0.0	0.0
ZNF278	0.0	0.0	0.0
ISX	0.0	0.0	0.0
MYH9	0.0	0.0	0.0
APOBEC3B	0.0	0.0	0.0
PDGFB	0.0	0.0	0.0
MKL1	0.0	0.0	0.0
EP300	0.0	0.0	0.0
CRLF2	0.0	0.0	0.0
